((("CL-USER>" .
   [7 0 0 0 0 0 0 0])
  ("SMALLER" .
   [0 0 0 1 0 0 0])
  ("defun" .
   [4 0 0 0 0])
  ("my-length" .
   [0 0 0 0 0 0 0 0 2])
  ("lst" .
   [16 0 0])
  ("labels" .
   [1 0 0 1 2 0])
  ("acc" .
   [13 0 0])
  ("split" .
   [2 0 0 0 2])
  ("split/3" .
   [3 0 0 0 0 1 0])
  ("tail" .
   [5 0 0 0])
  ("cons" .
   [1 0 0 2])
  ("format" .
   [1 0 0 0 0 0])
  ("if" .
   [2 0])
  ("cdr" .
   [2 0 0])
  ("head" .
   [1 0 0 0])
  ("car" .
   [2 0 0])
  ("reverse" .
   [0 0 2 0 0 0 0])
  ("nil" .
   [1 0 0])
  ("PAIRS" .
   [0 0 0 1 0])
  ("REVERSE" .
   [0 0 1 0 0 0 0])
  ("princ" .
   [2 0 1 1 0])
  ("many" .
   [0 0 0 1])
  ("defmacro" .
   [0 0 0 0 0 0 1 0])
  ("&body" .
   [1 0 0 0 0])
  ("body" .
   [1 0 0 0])
  ("let1" .
   [1 0 0 0])
  ("pairs" .
   [1 0 0 0 0])
  ("vars" .
   [1 0 0 0])
  ("@body" .
   [1 0 0 0 0])
  ("self" .
   [3 0 0 0])
  ("mapcar" .
   [0 0 0 0 0 1])
  ("rescurse" .
   [0 0 0 0 2 0 0 0])
  ("1-" .
   [1 0])
  ("1+" .
   [1 0])
  ("MY-LENGTH/4" .
   [0 0 0 1 0 0 0 0 0 0 0])))
